,m,r,q,n,k,d,k*
0,2,1,0,4,2,2,1
1,3,1,0,8,3,2,2
2,3,2,0,8,6,2,1
3,3,2,1,8,3,2,0
4,4,1,0,16,4,2,3
5,4,2,0,16,10,2,1
6,4,2,1,16,6,4,1
7,4,3,0,16,14,2,1
8,4,3,1,16,10,2,0
9,4,3,2,16,4,2,0
10,5,1,0,32,5,2,4
11,5,2,0,32,15,2,2
12,5,2,1,32,10,4,1
13,5,3,0,32,25,2,1
14,5,3,1,32,20,4,1
15,5,3,2,32,10,4,0
16,5,4,0,32,30,2,1
17,5,4,1,32,25,2,0
18,5,4,2,32,15,2,0
19,5,4,3,32,5,2,0
20,6,1,0,64,6,2,5
21,6,2,0,64,21,2,2
22,6,2,1,64,15,4,2
23,6,3,0,64,41,2,1
24,6,3,1,64,35,4,1
25,6,3,2,64,20,8,1
26,6,4,0,64,56,2,1
27,6,4,1,64,50,4,1
28,6,4,2,64,35,4,0
29,6,4,3,64,15,4,0
30,6,5,0,64,62,2,1
31,6,5,1,64,56,2,0
32,6,5,2,64,41,2,0
33,6,5,3,64,21,2,0
34,6,5,4,64,6,2,0
35,7,1,0,128,7,2,6
36,7,2,0,128,28,2,3
37,7,2,1,128,21,4,2
38,7,3,0,128,63,2,2
39,7,3,1,128,56,4,1
40,7,3,2,128,35,8,1
41,7,4,0,128,98,2,1
42,7,4,1,128,91,4,1
43,7,4,2,128,70,8,1
44,7,4,3,128,35,8,0
45,7,5,0,128,119,2,1
46,7,5,1,128,112,4,1
47,7,5,2,128,91,4,0
48,7,5,3,128,56,4,0
49,7,5,4,128,21,4,0
50,7,6,0,128,126,2,1
51,7,6,1,128,119,2,0
52,7,6,2,128,98,2,0
53,7,6,3,128,63,2,0
54,7,6,4,128,28,2,0
55,7,6,5,128,7,2,0
56,8,1,0,256,8,2,7
57,8,2,0,256,36,2,3
58,8,2,1,256,28,4,3
59,8,3,0,256,92,2,2
60,8,3,1,256,84,4,2
61,8,3,2,256,56,8,1
62,8,4,0,256,162,2,1
63,8,4,1,256,154,4,1
64,8,4,2,256,126,8,1
65,8,4,3,256,70,16,1
66,8,5,0,256,218,2,1
67,8,5,1,256,210,4,1
68,8,5,2,256,182,8,1
69,8,5,3,256,126,8,0
70,8,5,4,256,56,8,0
71,8,6,0,256,246,2,1
72,8,6,1,256,238,4,1
73,8,6,2,256,210,4,0
74,8,6,3,256,154,4,0
75,8,6,4,256,84,4,0
76,8,6,5,256,28,4,0
77,8,7,0,256,254,2,1
78,8,7,1,256,246,2,0
79,8,7,2,256,218,2,0
80,8,7,3,256,162,2,0
81,8,7,4,256,92,2,0
82,8,7,5,256,36,2,0
83,8,7,6,256,8,2,0
84,9,1,0,512,9,2,8
85,9,2,0,512,45,2,4
86,9,2,1,512,36,4,3
87,9,3,0,512,129,2,2
88,9,3,1,512,120,4,2
89,9,3,2,512,84,8,2
90,9,4,0,512,255,2,2
91,9,4,1,512,246,4,1
92,9,4,2,512,210,8,1
93,9,4,3,512,126,16,1
94,9,5,0,512,381,2,1
95,9,5,1,512,372,4,1
96,9,5,2,512,336,8,1
97,9,5,3,512,252,16,1
98,9,5,4,512,126,16,0
99,9,6,0,512,465,2,1
100,9,6,1,512,456,4,1
101,9,6,2,512,420,8,1
102,9,6,3,512,336,8,0
103,9,6,4,512,210,8,0
104,9,6,5,512,84,8,0
105,9,7,0,512,501,2,1
106,9,7,1,512,492,4,1
107,9,7,2,512,456,4,0
108,9,7,3,512,372,4,0
109,9,7,4,512,246,4,0
110,9,7,5,512,120,4,0
111,9,7,6,512,36,4,0
112,9,8,0,512,510,2,1
113,9,8,1,512,501,2,0
114,9,8,2,512,465,2,0
115,9,8,3,512,381,2,0
116,9,8,4,512,255,2,0
117,9,8,5,512,129,2,0
118,9,8,6,512,45,2,0
119,9,8,7,512,9,2,0
120,10,1,0,1024,10,2,9
121,10,2,0,1024,55,2,4
122,10,2,1,1024,45,4,4
123,10,3,0,1024,175,2,3
124,10,3,1,1024,165,4,2
125,10,3,2,1024,120,8,2
126,10,4,0,1024,385,2,2
127,10,4,1,1024,375,4,2
128,10,4,2,1024,330,8,1
129,10,4,3,1024,210,16,1
130,10,5,0,1024,637,2,1
131,10,5,1,1024,627,4,1
132,10,5,2,1024,582,8,1
133,10,5,3,1024,462,16,1
134,10,5,4,1024,252,32,1
135,10,6,0,1024,847,2,1
136,10,6,1,1024,837,4,1
137,10,6,2,1024,792,8,1
138,10,6,3,1024,672,16,1
139,10,6,4,1024,462,16,0
140,10,6,5,1024,210,16,0
141,10,7,0,1024,967,2,1
142,10,7,1,1024,957,4,1
143,10,7,2,1024,912,8,1
144,10,7,3,1024,792,8,0
145,10,7,4,1024,582,8,0
146,10,7,5,1024,330,8,0
147,10,7,6,1024,120,8,0
148,10,8,0,1024,1012,2,1
149,10,8,1,1024,1002,4,1
150,10,8,2,1024,957,4,0
151,10,8,3,1024,837,4,0
152,10,8,4,1024,627,4,0
153,10,8,5,1024,375,4,0
154,10,8,6,1024,165,4,0
155,10,8,7,1024,45,4,0
156,10,9,0,1024,1022,2,1
157,10,9,1,1024,1012,2,0
158,10,9,2,1024,967,2,0
159,10,9,3,1024,847,2,0
160,10,9,4,1024,637,2,0
161,10,9,5,1024,385,2,0
162,10,9,6,1024,175,2,0
163,10,9,7,1024,55,2,0
164,10,9,8,1024,10,2,0
